No._nodes:             182
Nodal_coords:
       0.923879504  0.382683426
       0.707106769  0.707106769
       0.382683426  0.923879504
                0.           1.
      -0.382683426  0.923879504
      -0.707106769  0.707106769
      -0.923879504  0.382683426
               -1.           0.
      -0.923879504 -0.382683426
      -0.707106769 -0.707106769
      -0.382683426 -0.923879504
                0.          -1.
       0.382683426 -0.923879504
       0.707106769 -0.707106769
       0.923879504 -0.382683426
                1.           0.
                3.           2.
               -3.           2.
               -3.          -2.
                3.          -2.
         2.5999999           2.
        2.20000005           2.
        1.79999995           2.
        1.39999998           2.
                1.           2.
       0.600000024           2.
       0.200000003           2.
      -0.200000003           2.
      -0.600000024           2.
               -1.           2.
       -1.39999998           2.
       -1.79999995           2.
       -2.20000005           2.
        -2.5999999           2.
               -3.   1.60000002
               -3.   1.20000005
               -3.  0.800000012
               -3.  0.400000006
               -3.           0.
              -3. -0.400000006
               -3. -0.800000012
               -3.  -1.20000005
               -3.  -1.60000002
        -2.5999999          -2.
       -2.20000005          -2.
       -1.79999995          -2.
       -1.39999998          -2.
               -1.          -2.
      -0.600000024          -2.
      -0.200000003          -2.
       0.200000003          -2.
       0.600000024          -2.
                1.          -2.
        1.39999998          -2.
        1.79999995          -2.
        2.20000005          -2.
         2.5999999          -2.
                3.  -1.60000002
                3.  -1.20000005
                3. -0.800000012
                3. -0.400000006
                3.           0.
                3.  0.400000006
                3.  0.800000012
                3.   1.20000005
                3.   1.60000002
        2.64616609   -1.0152458
        2.00477147  -1.64190388
        1.18896425  -1.60332763
       0.271926135  -1.29190457
       -1.59356523   -1.6696254
       -2.00706196  -1.65298593
       -2.45182109  -1.64477634
       -2.64770961 -0.605740249
       -2.65283561  0.600485504
       -2.64452457   1.01707745
       -2.00474048   1.64198065
       -1.19064295   1.60334349
      -0.271927178   1.29190063
        1.09504831  0.774347723
        1.59207463    1.6679585
        2.64706516  0.606195986
        2.65262198   0.20153515
        2.65319753 -0.601167202
        1.31748319 -0.252207488
       -1.09539247 -0.774561882
         1.2032305   1.66624284
       0.684962153   1.06079435
       0.814091623   1.66845858
       0.264508814   1.28558111
       0.419554532   1.66704977
      -0.000902818865   1.65259767
      -0.415384203   1.67365897
      -0.742322445   1.09372461
       -0.78927964   1.68147111
       -1.13924801  0.737330139
       -1.61348426   1.64595354
        -2.6424439   1.45498168
       -1.31909037  0.251854658
      -2.65400648  0.200155646
       -2.6533227 -0.200913385
      -1.32077193 -0.271300256
       -2.6397562  -1.00631392
      -1.20488572  -1.66622245
      -0.68501997  -1.06083286
      -0.81436795  -1.66845798
     -0.264517307  -1.28558779
     -0.419602096  -1.66705143
     0.000893302844  -1.65259957
      0.415377647  -1.67366135
      0.740696788  -1.09311736
      0.788631499  -1.68134332
      1.13815558 -0.735482156
       1.61346877  -1.64677739
       2.64272165  -1.45451081
       2.65399408  -0.19968684
       1.32026362  0.272369623
       2.00667691   1.65146124
       2.64116764    1.0056057
       2.45329571   1.64373744
       2.3401053  -1.67051911
      -2.3400209   1.67082858
      -1.52467108  0.576173365
       2.27887225  0.798441827
       1.6589148 0.00574714085
       2.29045916  -0.80925256
       1.04181659   1.28719735
     -0.624261975   1.42648137
     -1.47518325   1.33693433
     -2.24780726    1.2669009
     -2.30674529 -0.395680964
     -2.28106165 -0.796016812
     -1.04357111  -1.28720844
     0.623368382  -1.42618406
      2.24520254  -1.26736307
      1.56707764  0.660830021
      1.76416051   1.32982695
       2.24141145   1.24716461
       1.52310288 -0.574923754
      1.16932642  -1.18589175
     -1.41302097  -1.40330946
      -1.767892 -1.33272326
     -2.66795802  -1.34189677
     -2.29077506  0.812580287
     -1.17175269   1.18644392
      2.29762697 -0.400417626
      1.41290545   1.40270495
      0.644986749   1.39381623
     -1.81757164   1.30502033
     -2.29799747  0.402241766
     -2.31087589 0.00147674757
      -1.5695802 -0.659106553
      -1.6602993 -0.00386836124
     -2.24232674  -1.24611318
     -0.645415664  -1.39382768
      1.47392642  -1.33812869
      1.81506979   -1.3052299
      2.31005454 0.000682255311
      2.30317044   0.39283976
      2.66717482   1.33930159
      1.57155657  -0.96054697
     -1.9844681 -0.183771625
      1.98115849  0.185421959
      1.4602474   1.06796432
      1.90009868 -0.606359541
     -1.46169889  -1.06749821
     -0.90365195    1.3982929
     -1.57429683  0.961791456
     -1.96772218  0.990851641
     -1.95253479 -0.552919209
      0.90219748  -1.39797282
      1.87715816  0.944113433
      1.67419553 -0.323513091
      1.69571888  0.336964339
     -1.87918246 -0.942396224
     -1.90066552  0.609124482
     -1.97174001   0.19220683
     -1.69753087   -0.3341932
     -1.67529321   0.325098187
      1.9644773 -0.989750445
      1.97034144 -0.189739823
      1.950526  0.553101897
No._elements:         298
Element_connectivity:
    67  59   60
   135 115   67
   114  69   54
   110  70  109
   104  47   48
    72  46   71
    73  45   72
   103  41   42
   100  38   39
   122  34   98
    76  37   75
   123  99   96
    97  78   31
    93  79   92
   160 138  119
    87  81   24
   117  16   85
    83  63   82
   125 117   85
   180 161  157
    84  60   61
    71  46   47
   148 127   89
   127  88   80
    91  89   26
    90   4    3
   148  91   90
    92  91   27
   167 145   94
   128  79   93
    95  30   78
   149  97   77
    97  32   77
    98  36   76
  130  98   76
   35  34   18
   99   7   96
  100  75   38
  101  40   74
  162 151  131
  103  74   41
  132 131   74
  175 166  152
   44  43   19
  155 133  106
  133 105   86
  108 106   49
  107  12   11
  155 108  107
  109 108   50
  171 140  111
  134  70  110
  112  53   69
  180 165  161
  114  55   68
  115  59   67
  135  67  126
   58  57   20
  116  62   83
  163 158  159
  172 137  164
  118  23   81
  164 147  127
  120  22  118
  138 118  137
   66  17   21
  181 173  165
  121  57  115
  113  14  111
   68  55   56
  171 111  134
   69  53   54
   70  13   12
  107  70   12
  141 104  133
  175 152  170
  143  43   73
   72  45   46
   73  43   44
   73  44   45
  102   8   99
   74  40   41
  144 130   76
   75  37   38
  130 122   98
   76  36   37
   96   6   94
   77  32   33
  145  78  129
   78  30   31
   79   5    4
   90  79    4
   80   2    1
  117   1   16
   81  23   24
   87  24   25
   82  63   64
  119  64   65
  146 126   84
  83 62   63
  84  67   60
 116  84   61
  85  16   15
 113  15   14
  86  10    9
 102   9    8
  89  25   26
 147  87  127
  88   3    2
  88   2   80
  89  87   25
 148  90   88
  90   3   88
  92  90   91
  91  26   27
  92  27   28
  93  92   28
  92  79   90
  93  28   29
  95  93   29
  94   6    5
  94   5   79
  95  29   30
 167 78  145
 169 168  149
  96   7    6
  97  31   32
 169 130  144
  98  34   35
  98  35   36
 151 150  100
  99   8    7
 101 100   39
 151 101  131
 101  39   40
 170 162  131
 102  86    9
 179 176  177
 143 103   42
 154  72  142
 104  71   47
 106  48   49
 105  11   10
 105  10   86
 106 104   48
 155 107  105
 107  11  105
 109 107  108
 108  49   50
 109  50   51
 110 109   51
 109  70  107
 110  51   52
 112 110   52
 111  14   13
 111  13   70
 112  52   53
 171  69  140
 156 140   69
 113  85   15
 114  54   55
 157 156  114
 115  57   58
 115  58   59
 116  61   62
 158 146  116
 159  82  124
 117  80    1
 160 120  138
 118  22   23
 119  82   64
 160  66  120
 120  66   21
 120  21   22
 121  68   56
 121  56   57
 122  77   33
 122  33   34
 168  96  145
 150 144   75
 172 138  137
 124  82  119
 173  85  139
 182 124  172
 126  67   84
 146  84  116
 164 137  147
 127  87   89
 128  94   79
 128  93   95
 168 145  129
 129  78   97
 130  77  122
 144  76   75
 131 101   74
 132  74  103
 154 103  143
 142  71  141
 166 133   86
 133 104  106
 134 111   70
 134 110  112
 135  68  121
 135 121  115
 136  80  117
 174 117  125
 137 118   81
 147 137   81
 138 124  119
 138 120  118
 139  85  113
 161 113  140
 140 113  111
 156  69  114
 166 142  141
 141  71  104
 175 154  142
 142  72   71
 143  42   43
 154 143   73
 150  75  100
 176 168  169
 145  96   94
 167  94  128
 158 116   83
 181 165  146
 147  81   87
 164 127   80
 148  88  127
 148  89   91
 149 129   97
 149  77  130
 151  100  101
 176  169  144
 177  162  153
 177  151  162
 152   86  102
 178  102  153
 153  102   99
 179   99  123
 154  132  103
 154   73   72
 155  105  133
 155  106  108
 157  114   68
 161  140  156
 157   68  135
 180  135  126
 159  158   83
 181  163  125
 159   83   82
 182  174  163
 160  119   65
 160   65   66
 161  139  113
 161  156  157
 170  131  132
 178  162  170
 182  163  159
 181  125  173
 164   80  136
 172  164  136
 165  139  161
 165  126  146
 166  141  133
 166   86  152
 167  128   95
 167   95   78
 168  123   96
 168  129  149
 169  149  130
 176  144  150
 175  170  132
 178  170  152
 171  134  112
 171  112   69
 182  136  174
 172  124  138
 173  125   85
 173  139  165
 174  136  117
 174  125  163
 175  132  154
 175  142  166
 177  176  150
 176  123  168
 177  150  151
 179  177  153
 178  152  102
 178  153  162
 179  153   99
 179  123  176
 180  157  135
 180  126  165
 181  146  158
 181  158  163
 182  159  124
 182  172  136
No._nodes_with_prescribed_DOFs:  22
Node_#  DOF#  Value:
 18   1  0.0
 19   1  0.0
 35   1  0.0
 36   1  0.0
 37   1  0.0
 38   1  0.0
 39   1  0.0
 40   1  0.0
 41   1  0.0
 42   1  0.0
 43   1  0.0
 18   2  0.0
 19   2  0.0
 35   2  0.0
 36   2  0.0
 37   2  0.0
 38   2  0.0
 39   2  0.0
 40   2  0.0
 41   2  0.0
 42   2  0.0
 43   2  0.0
No._elements_with_prescribed_loads: 10
Element_#  Face_#  Traction_components
66 1 -10.0 0.0
254 2 -10.0 0.0
98 2 -10.0 0.0
97 2 -10.0 0.0
100 2 -10.0 0.0
165 2 -10.0 0.0
21 2 -10.0 0.0
1 2 -10.0 0.0
164 2 -10.0 0.0
58 3 -10.0 0.0